extract_example_aster.asc
ncols         219
nrows         218
xllcorner     -70.097132092699
yllcorner     -20.941010329836
cellsize      0.00027777777777778
NODATA_value  -9999
[rows 39 to 77 of 218, columns 0 to 87 of 219]
-9999 -9999 -9999 -9999 979 980 979 979 982 989 994 1000 1003 1007 1011 1015 1019 1020 1023 1022 1022 1026 1031 1036 1042 1047 1054 1061 1067 1070 1073 1077 1079 1082 1088 1097 1106 1115 1129 1141 1151 1163 1175 1181 1187 1197 1203 1205 1211 1218 1212 1195 1185 1188 1194 1203 1212 1221 1232 1241 1244 1239 1236 1229 1227 1229 1234 1227 1220 1199 1175 1157 1144 1132 1123 1114 1109 1103 1088 1070 1055 1045 1037 1019 997 982 971 960
-9999 -9999 -9999 -9999 979 982 982 982 986 989 997 1001 1005 1008 1010 1013 1016 1017 1019 1020 1022 1026 1032 1035 1042 1050 1058 1066 1071 1075 1079 1082 1084 1087 1091 1098 1106 1118 1130 1142 1152 1165 1182 1193 1199 1203 1207 1210 1215 1219 1212 1197 1189 1192 1202 1212 1224 1230 1240 1245 1245 1241 1238 1239 1238 1235 1231 1226 1220 1209 1189 1170 1156 1147 1137 1130 1119 1116 1101 1082 1068 1054 1047 1037 1016 993 976 964
-9999 -9999 -9999 -9999 977 981 986 989 991 994 998 1000 1003 1005 1008 1011 1012 1011 1014 1018 1023 1031 1036 1041 1043 1048 1056 1066 1072 1075 1080 1085 1088 1091 1095 1098 1104 1114 1128 1140 1151 1165 1179 1193 1199 1203 1208 1213 1215 1214 1211 1204 1196 1199 1210 1220 1230 1236 1242 1245 1245 1240 1238 1240 1242 1238 1231 1225 1219 1209 1195 1183 1169 1158 1145 1135 1120 1116 1101 1084 1075 1060 1047 1036 1022 999 981 970
-9999 -9999 -9999 -9999 981 985 989 989 991 993 997 998 999 1002 1005 1008 1008 1010 1012 1015 1023 1029 1037 1044 1048 1048 1051 1057 1065 1071 1077 1084 1093 1097 1100 1103 1107 1113 1123 1135 1147 1158 1171 1182 1191 1199 1207 1214 1215 1215 1212 1205 1200 1200 1206 1216 1226 1234 1235 1230 1228 1230 1231 1232 1233 1232 1225 1218 1212 1202 1191 1178 1169 1160 1140 1126 1115 1101 1090 1081 1070 1055 1042 1031 1019 1001 985 974
-9999 -9999 -9999 -9999 982 985 985 987 989 991 993 993 993 995 997 1000 1005 1009 1012 1016 1025 1030 1037 1046 1051 1050 1052 1056 1063 1069 1076 1084 1095 1102 1105 1109 1113 1122 1128 1136 1146 1156 1168 1178 1188 1199 1204 1210 1213 1213 1211 1205 1200 1198 1200 1207 1214 1218 1219 1218 1216 1218 1221 1224 1225 1223 1216 1208 1200 1185 1177 1175 1169 1139 1126 1108 1095 1083 1081 1065 1056 1045 1034 1023 1012 998 985 976
-9999 -9999 -9999 -9999 977 976 978 982 986 988 991 991 992 994 996 998 1003 1008 1013 1018 1027 1036 1041 1046 1050 1051 1055 1058 1063 1069 1076 1086 1095 1103 1109 1119 1125 1130 1136 1140 1146 1158 1167 1176 1187 1200 1209 1211 1211 1209 1206 1201 1200 1202 1204 1207 1208 1212 1215 1216 1215 1216 1218 1223 1225 1224 1220 1209 1196 1181 1170 1163 1153 1138 1119 1101 1091 1082 1073 1064 1058 1045 1029 1021 1011 1000 988 979
-9999 -9999 -9999 -9999 971 971 975 978 982 986 989 990 990 991 996 999 1003 1006 1011 1018 1029 1037 1044 1049 1051 1054 1057 1059 1065 1072 1077 1087 1097 1106 1114 1126 1137 1143 1148 1151 1154 1162 1172 1180 1190 1201 1211 1212 1208 1205 1202 1200 1203 1206 1209 1211 1215 1217 1221 1222 1217 1218 1224 1227 1227 1223 1218 1208 1197 1181 1168 1161 1150 1133 1121 1105 1096 1089 1080 1071 1065 1057 1042 1033 1026 1016 1001 984
-9999 -9999 -9999 -9999 971 973 977 978 980 983 985 989 992 994 997 1000 1005 1007 1009 1016 1028 1035 1041 1046 1050 1053 1054 1056 1062 1072 1081 1089 1099 1109 1118 1128 1142 1152 1157 1162 1170 1175 1179 1186 1196 1207 1213 1212 1204 1202 1202 1202 1207 1216 1220 1223 1225 1226 1228 1229 1227 1225 1227 1233 1235 1230 1223 1216 1206 1190 1172 1162 1165 1147 1136 1119 1110 1102 1096 1087 1079 1073 1063 1051 1043 1030 1011 994
-9999 -9999 -9999 -9999 974 976 976 977 981 984 986 988 991 996 1001 1002 1003 1009 1012 1016 1026 1032 1037 1039 1043 1048 1051 1053 1059 1072 1083 1093 1103 1114 1121 1131 1144 1159 1167 1175 1181 1186 1188 1191 1196 1206 1213 1214 1210 1207 1207 1205 1210 1219 1228 1236 1241 1242 1238 1236 1232 1231 1231 1234 1240 1236 1228 1222 1216 1202 1182 1180 1175 1152 1156 1137 1133 1121 1111 1104 1095 1085 1077 1066 1056 1039 1019 1001
-9999 -9999 -9999 -9999 972 974 976 981 984 987 988 989 991 996 1001 1006 1008 1009 1015 1021 1026 1029 1034 1037 1042 1045 1047 1050 1060 1075 1088 1100 1109 1116 1122 1134 1149 1163 1174 1187 1193 1194 1195 1198 1201 1208 1214 1217 1218 1214 1209 1209 1215 1221 1229 1238 1244 1246 1245 1245 1233 1232 1233 1243 1247 1244 1236 1231 1230 1222 1201 1186 1184 1183 1176 1166 1153 1135 1121 1114 1106 1097 1086 1072 1059 1042 1024 1007
-9999 -9999 -9999 -9999 971 973 979 983 985 988 991 992 995 998 1001 1005 1010 1012 1016 1021 1026 1029 1032 1037 1042 1046 1047 1051 1061 1076 1091 1102 1110 1116 1124 1139 1154 1169 1183 1195 1200 1201 1200 1206 1208 1213 1217 1219 1217 1214 1214 1213 1221 1223 1229 1236 1242 1246 1250 1249 1242 1237 1236 1247 1255 1253 1244 1239 1236 1230 1215 1202 1198 1188 1183 1173 1164 1148 1132 1121 1108 1095 1083 1071 1059 1044 1024 1010
-9999 -9999 -9999 -9999 972 973 977 982 985 988 990 993 996 1001 1004 1006 1009 1012 1016 1021 1025 1028 1032 1038 1045 1050 1055 1058 1065 1079 1092 1103 1110 1117 1126 1140 1157 1171 1186 1194 1198 1203 1207 1211 1215 1216 1219 1221 1219 1216 1216 1224 1228 1228 1229 1234 1240 1246 1252 1251 1247 1241 1244 1253 1260 1258 1253 1249 1244 1235 1224 1209 1200 1192 1183 1173 1164 1151 1137 1123 1107 1088 1075 1068 1058 1043 1025 1006
-9999 -9999 -9999 -9999 972 977 980 985 988 990 989 990 993 998 1004 1007 1008 1010 1014 1019 1024 1028 1032 1037 1046 1052 1056 1059 1065 1077 1090 1102 1110 1117 1125 1137 1152 1166 1181 1191 1198 1203 1210 1214 1217 1219 1220 1221 1221 1222 1228 1229 1233 1236 1235 1238 1238 1242 1247 1252 1251 1253 1256 1261 1263 1264 1261 1258 1255 1247 1237 1220 1202 1187 1174 1163 1155 1144 1129 1116 1102 1082 1068 1058 1047 1027 1016 996
-9999 -9999 -9999 -9999 972 976 980 985 988 991 992 992 992 995 1000 1005 1008 1011 1014 1018 1024 1029 1033 1035 1043 1050 1055 1061 1067 1076 1088 1102 1112 1120 1129 1139 1152 1166 1180 1190 1197 1203 1209 1212 1216 1220 1222 1224 1228 1232 1234 1236 1239 1241 1240 1241 1244 1246 1252 1260 1269 1269 1268 1269 1268 1269 1272 1266 1261 1257 1249 1226 1202 1183 1168 1155 1146 1136 1120 1106 1089 1069 1053 1044 1028 1016 1000 981
-9999 -9999 -9999 -9999 970 973 978 982 988 991 992 995 995 998 998 1002 1008 1017 1024 1027 1029 1033 1038 1042 1044 1049 1055 1061 1070 1077 1086 1100 1113 1123 1132 1143 1156 1169 1180 1191 1198 1202 1204 1205 1209 1213 1221 1227 1229 1235 1239 1241 1246 1251 1251 1252 1255 1251 1256 1266 1274 1278 1284 1283 1281 1281 1275 1266 1259 1255 1246 1224 1198 1176 1161 1147 1135 1121 1107 1091 1076 1059 1038 1024 1013 999 983 972
-9999 -9999 -9999 -9999 969 975 979 981 985 989 991 993 996 999 997 998 1004 1014 1024 1032 1036 1040 1041 1044 1047 1050 1055 1062 1072 1078 1086 1099 1116 1127 1139 1151 1164 1176 1185 1193 1198 1199 1198 1201 1206 1211 1215 1221 1228 1235 1243 1251 1254 1260 1266 1267 1260 1265 1264 1275 1282 1291 1295 1293 1291 1287 1274 1261 1254 1247 1234 1214 1190 1167 1153 1138 1124 1109 1095 1080 1070 1047 1022 1011 999 989 981 975
-9999 -9999 -9999 -9999 970 975 980 981 983 985 988 990 992 993 994 998 1003 1009 1021 1033 1042 1046 1049 1051 1050 1049 1052 1059 1069 1079 1087 1094 1110 1123 1135 1147 1165 1178 1186 1192 1193 1193 1196 1202 1208 1213 1216 1220 1228 1236 1244 1255 1263 1277 1281 1285 1284 1279 1281 1282 1286 1293 1296 1295 1291 1285 1270 1256 1245 1233 1218 1199 1177 1154 1142 1128 1113 1094 1087 1074 1056 1033 1018 1007 1001 995 990 988
-9999 -9999 -9999 -9999 971 974 977 978 976 982 987 990 989 987 990 997 1003 1010 1018 1031 1040 1045 1054 1058 1056 1052 1052 1057 1064 1076 1086 1094 1103 1116 1131 1144 1160 1174 1184 1187 1187 1188 1196 1204 1210 1215 1220 1224 1229 1235 1243 1255 1270 1281 1286 1291 1294 1298 1294 1290 1293 1295 1296 1293 1288 1281 1268 1254 1236 1225 1209 1182 1164 1145 1134 1124 1106 1090 1086 1070 1049 1032 1028 1016 1013 1014 1011 1010
-9999 -9999 -9999 -9999 -9999 972 976 977 976 982 986 989 990 986 988 994 1001 1008 1016 1026 1035 1049 1060 1063 1064 1058 1059 1059 1064 1071 1080 1089 1099 1111 1126 1144 1157 1171 1180 1183 1179 1181 1193 1204 1214 1219 1223 1228 1232 1238 1244 1255 1270 1285 1291 1295 1299 1302 1299 1296 1294 1296 1295 1293 1288 1278 1265 1251 1231 1217 1203 1179 1162 1145 1130 1117 1111 1093 1086 1073 1055 1049 1039 1035 1033 1032 1032 1032
-9999 -9999 -9999 -9999 -9999 972 975 976 978 983 984 986 989 989 988 991 998 1006 1015 1024 1034 1047 1061 1071 1075 1062 1062 1064 1068 1072 1078 1086 1097 1108 1121 1140 1153 1163 1171 1173 1170 1172 1184 1200 1213 1223 1232 1237 1240 1245 1251 1258 1269 1284 1294 1300 1301 1302 1303 1305 1304 1300 1298 1293 1286 1274 1262 1249 1229 1207 1190 1174 1159 1142 1125 1114 1107 1098 1088 1077 1075 1062 1062 1061 1059 1053 1058 1057
-9999 -9999 -9999 -9999 -9999 968 972 974 974 977 978 981 984 986 984 986 993 1000 1008 1018 1030 1046 1060 1069 1074 1076 1074 1072 1073 1073 1077 1083 1092 1106 1119 1134 1149 1158 1164 1168 1167 1171 1181 1196 1210 1221 1232 1244 1251 1256 1260 1265 1274 1283 1294 1301 1300 1298 1299 1301 1303 1296 1294 1290 1281 1270 1260 1247 1230 1207 1187 1173 1158 1137 1117 1105 1097 1101 1098 1088 1091 1095 1093 1087 1085 1078 1079 1073
-9999 -9999 -9999 -9999 -9999 965 966 967 968 970 972 975 979 981 980 982 987 995 1002 1015 1029 1043 1057 1069 1077 1082 1083 1083 1080 1079 1081 1085 1091 1103 1116 1127 1136 1145 1151 1158 1162 1168 1179 1194 1209 1222 1239 1255 1262 1267 1270 1277 1285 1289 1294 1298 1297 1293 1296 1299 1299 1293 1287 1281 1274 1265 1256 1245 1231 1205 1183 1169 1153 1132 1112 1105 1101 1094 1098 1105 1108 1112 1114 1111 1110 1107 1101 1086
-9999 -9999 -9999 -9999 -9999 962 962 964 965 968 971 974 978 982 983 984 989 995 999 1010 1025 1039 1056 1069 1079 1087 1092 1092 1089 1086 1086 1089 1096 1103 1110 1114 1120 1128 1137 1144 1149 1156 1169 1189 1206 1222 1240 1255 1263 1271 1278 1288 1293 1295 1295 1295 1292 1291 1291 1292 1292 1286 1277 1271 1265 1258 1251 1239 1224 1193 1181 1168 1154 1137 1120 1110 1105 1103 1113 1117 1121 1126 1134 1133 1131 1127 1111 1099
-9999 -9999 -9999 -9999 -9999 961 963 965 968 969 972 975 979 983 985 987 992 997 1002 1010 1021 1036 1048 1059 1074 1083 1088 1091 1091 1091 1093 1097 1104 1106 1110 1113 1117 1125 1133 1139 1143 1149 1160 1179 1196 1214 1230 1245 1258 1269 1279 1287 1293 1295 1292 1288 1286 1284 1283 1285 1284 1281 1270 1261 1252 1243 1234 1224 1203 1186 1174 1167 1158 1146 1130 1126 1121 1122 1125 1135 1137 1143 1147 1143 1138 1133 1123 1107
-9999 -9999 -9999 -9999 -9999 959 962 966 971 973 976 979 981 982 983 985 991 999 1006 1013 1019 1031 1040 1052 1065 1077 1085 1090 1093 1095 1099 1103 1109 1112 1116 1121 1126 1135 1140 1145 1148 1153 1161 1175 1191 1209 1224 1240 1254 1265 1273 1282 1290 1294 1289 1284 1280 1282 1281 1280 1278 1276 1267 1255 1243 1231 1220 1209 1196 1182 1167 1163 1159 1153 1147 1144 1144 1150 1158 1158 1154 1154 1153 1144 1136 1131 1118 1105
-9999 -9999 -9999 -9999 -9999 956 960 964 969 972 975 978 981 983 984 987 993 1001 1007 1011 1017 1027 1040 1050 1065 1079 1086 1088 1094 1100 1104 1111 1116 1121 1126 1130 1136 1145 1149 1154 1159 1164 1172 1182 1193 1205 1222 1241 1258 1266 1272 1279 1286 1289 1287 1281 1280 1285 1281 1275 1272 1269 1264 1254 1238 1224 1212 1203 1191 1179 1177 1165 1165 1167 1161 1166 1174 1176 1178 1177 1171 1164 1156 1142 1131 1122 1107 1098
-9999 -9999 -9999 -9999 -9999 957 962 964 966 969 972 975 979 982 986 991 996 1000 1005 1010 1017 1027 1041 1056 1068 1084 1092 1097 1098 1102 1107 1115 1122 1130 1137 1147 1153 1160 1165 1170 1172 1175 1182 1189 1197 1208 1224 1242 1257 1267 1273 1279 1285 1283 1281 1278 1278 1280 1276 1272 1267 1264 1259 1250 1234 1216 1208 1201 1201 1193 1179 1179 1177 1179 1180 1190 1193 1189 1191 1192 1183 1173 1160 1144 1128 1109 1095 1086
-9999 -9999 -9999 -9999 -9999 956 961 964 965 967 970 972 976 981 986 991 996 1001 1004 1008 1016 1028 1042 1056 1069 1084 1093 1100 1104 1110 1116 1125 1132 1138 1148 1156 1163 1168 1172 1177 1179 1183 1190 1197 1204 1213 1226 1246 1258 1264 1270 1277 1278 1278 1276 1269 1268 1277 1274 1268 1261 1255 1250 1241 1233 1222 1216 1209 1209 1201 1206 1206 1205 1203 1209 1212 1215 1214 1212 1198 1187 1171 1148 1140 1121 1100 1086 1074
-9999 -9999 -9999 -9999 -9999 955 959 963 966 968 971 973 976 981 986 991 995 1000 1005 1012 1020 1026 1039 1054 1065 1076 1088 1098 1103 1110 1119 1131 1138 1144 1154 1164 1169 1174 1180 1183 1186 1194 1200 1206 1214 1224 1234 1250 1261 1266 1270 1274 1274 1271 1271 1269 1272 1275 1270 1263 1251 1242 1235 1233 1231 1228 1228 1226 1222 1221 1232 1231 1227 1227 1226 1225 1226 1220 1217 1205 1190 1171 1141 1131 1117 1096 1081 1077
-9999 -9999 -9999 -9999 -9999 961 961 962 967 972 976 980 981 983 985 993 997 1002 1008 1016 1021 1026 1037 1051 1060 1070 1080 1090 1095 1105 1116 1128 1137 1146 1157 1168 1175 1179 1184 1187 1193 1203 1209 1221 1226 1234 1242 1256 1269 1273 1273 1273 1270 1267 1263 1261 1262 1263 1261 1256 1247 1238 1235 1233 1231 1235 1236 1241 1246 1251 1251 1249 1248 1245 1241 1236 1233 1226 1215 1202 1185 1166 1158 1136 1116 1096 1092 1088
-9999 -9999 -9999 -9999 -9999 964 967 969 971 972 975 980 984 987 989 995 1001 1005 1009 1015 1020 1026 1035 1048 1057 1067 1075 1083 1090 1097 1106 1120 1132 1141 1155 1167 1173 1176 1179 1183 1189 1201 1215 1226 1234 1241 1248 1264 1276 1281 1280 1277 1268 1265 1259 1257 1255 1256 1256 1252 1247 1245 1241 1237 1236 1243 1247 1253 1259 1265 1264 1262 1262 1254 1243 1234 1227 1218 1206 1202 1196 1189 1162 1158 1133 1109 1099 1096
-9999 -9999 -9999 -9999 -9999 967 970 973 975 976 977 979 983 988 992 998 1003 1006 1009 1013 1018 1025 1033 1040 1049 1060 1068 1076 1082 1088 1097 1110 1123 1135 1147 1154 1160 1166 1170 1174 1179 1189 1205 1217 1227 1236 1252 1266 1277 1283 1288 1281 1273 1267 1262 1255 1252 1253 1253 1253 1253 1257 1256 1251 1250 1254 1258 1258 1267 1274 1277 1276 1274 1265 1248 1235 1227 1217 1206 1194 1192 1180 1162 1160 1141 1124 1122 1106
-9999 -9999 -9999 -9999 -9999 968 969 973 976 980 981 983 985 990 994 998 1002 1005 1008 1011 1017 1025 1031 1035 1043 1052 1060 1065 1070 1075 1085 1099 1109 1120 1127 1132 1139 1143 1151 1158 1165 1173 1185 1199 1212 1224 1243 1259 1271 1279 1282 1281 1275 1269 1265 1263 1257 1253 1257 1258 1260 1264 1267 1272 1270 1272 1275 1272 1273 1279 1285 1292 1288 1279 1258 1239 1228 1217 1205 1196 1183 1179 1167 1156 1154 1137 1123 1120
-9999 -9999 -9999 -9999 -9999 965 967 969 972 978 980 983 986 989 993 995 998 1002 1005 1009 1015 1025 1030 1033 1037 1045 1054 1062 1066 1069 1077 1089 1101 1110 1117 1124 1131 1138 1145 1153 1158 1166 1176 1184 1196 1213 1231 1247 1259 1270 1278 1278 1273 1265 1258 1251 1256 1259 1258 1261 1264 1271 1276 1280 1283 1290 1290 1288 1286 1284 1288 1293 1293 1288 1270 1248 1234 1219 1213 1199 1190 1179 1169 1161 1154 1146 1128 1119
-9999 -9999 -9999 -9999 -9999 964 964 966 969 978 982 983 984 987 990 993 996 999 1002 1007 1015 1027 1033 1036 1039 1046 1054 1060 1066 1071 1077 1086 1096 1106 1118 1126 1133 1143 1152 1159 1164 1172 1180 1186 1194 1211 1227 1242 1253 1266 1276 1277 1268 1262 1264 1252 1254 1258 1263 1264 1265 1271 1278 1284 1289 1296 1300 1300 1299 1295 1294 1295 1294 1289 1271 1253 1240 1226 1215 1208 1198 1192 1186 1173 1159 1144 1124 1112
-9999 -9999 -9999 -9999 -9999 963 963 964 973 982 985 985 983 985 989 991 996 999 1002 1009 1019 1028 1034 1038 1042 1047 1054 1062 1068 1073 1080 1087 1097 1111 1124 1133 1141 1147 1153 1162 1171 1179 1187 1194 1201 1213 1228 1243 1256 1267 1280 1283 1271 1269 1265 1259 1260 1273 1272 1272 1268 1275 1285 1294 1297 1304 1309 1311 1310 1305 1302 1299 1295 1287 1269 1256 1245 1233 1222 1216 1210 1205 1195 1179 1157 1138 1120 1108
-9999 -9999 -9999 -9999 -9999 963 965 967 973 980 985 985 982 984 986 989 994 997 1001 1008 1017 1026 1035 1042 1047 1051 1054 1058 1065 1075 1082 1088 1099 1114 1128 1139 1145 1150 1158 1168 1177 1188 1196 1202 1208 1218 1231 1245 1259 1270 1278 1284 1281 1271 1271 1276 1279 1281 1283 1278 1278 1282 1289 1298 1302 1308 1314 1315 1314 1312 1309 1304 1295 1286 1272 1263 1255 1247 1236 1229 1218 1206 1194 1174 1150 1135 1119 1103
-9999 -9999 -9999 -9999 -9999 960 963 964 966 968 974 979 981 982 983 986 987 992 997 1005 1014 1023 1033 1046 1051 1053 1055 1058 1061 1070 1081 1091 1102 1115 1126 1137 1144 1150 1158 1167 1176 1187 1198 1208 1214 1221 1231 1244 1258 1270 1277 1277 1278 1276 1277 1279 1281 1283 1286 1284 1285 1285 1292 1302 1309 1313 1315 1313 1312 1312 1308 1301 1297 1293 1281 1273 1267 1260 1249 1237 1221 1201 1183 1167 1154 1138 1119 1102
-9999 -9999 -9999 -9999 -9999 963 966 966 966 964 965 968 973 977 980 980 984 987 993 1003 1013 1020 1029 1042 1054 1057 1060 1064 1066 1070 1077 1086 1096 1108 1119 1129 1136 1143 1151 1158 1164 1177 1192 1206 1215 1223 1232 1247 1261 1272 1274 1281 1283 1278 1281 1286 1286 1285 1287 1291 1290 1286 1294 1303 1310 1316 1316 1316 1310 1309 1306 1302 1299 1295 1286 1279 1272 1266 1251 1235 1217 1197 1178 1162 1152 1139 1121 1102
