extract_example_aster.asc
ncols         219
nrows         218
xllcorner     -70.097132092699
yllcorner     -20.941010329836
cellsize      0.00027777777777778
NODATA_value  -9999
[rows 156 to 194 of 218, columns 0 to 87 of 219]
-9999 -9999 -9999 -9999 -9999 -9999 1099 1105 1110 1118 1124 1127 1123 1107 1104 1119 1116 1116 1109 1097 1085 1074 1068 1063 1062 1061 1061 1061 1065 1072 1079 1085 1089 1093 1097 1102 1107 1111 1117 1127 1141 1151 1156 1158 1158 1163 1170 1177 1183 1191 1199 1210 1217 1225 1233 1245 1258 1272 1283 1291 1299 1310 1328 1341 1355 1375 1395 1412 1438 1457 1470 1478 1485 1494 1500 1506 1510 1518 1528 1537 1545 1551 1557 1564 1569 1571 1565 1555
-9999 -9999 -9999 -9999 -9999 -9999 1091 1095 1101 1109 1113 1110 1108 1098 1093 1101 1104 1105 1097 1086 1074 1067 1063 1061 1060 1059 1059 1062 1067 1072 1079 1084 1089 1093 1097 1102 1110 1115 1122 1138 1151 1163 1166 1164 1160 1165 1172 1177 1183 1191 1199 1205 1212 1219 1230 1240 1250 1263 1274 1283 1294 1309 1324 1337 1350 1367 1386 1407 1428 1448 1464 1477 1494 1506 1510 1518 1524 1529 1536 1542 1548 1554 1561 1567 1572 1572 1568 1557
-9999 -9999 -9999 -9999 -9999 -9999 1080 1086 1090 1097 1101 1102 1100 1087 1086 1087 1091 1092 1089 1075 1063 1059 1055 1054 1055 1059 1064 1071 1077 1081 1086 1092 1099 1103 1102 1104 1112 1121 1135 1149 1158 1166 1170 1166 1164 1169 1175 1179 1184 1190 1196 1200 1205 1213 1223 1231 1242 1254 1267 1278 1289 1305 1321 1332 1345 1363 1385 1406 1426 1445 1463 1482 1505 1514 1519 1524 1530 1536 1542 1545 1551 1556 1562 1568 1572 1574 1569 1561
-9999 -9999 -9999 -9999 -9999 -9999 1072 1080 1083 1088 1091 1093 1082 1080 1073 1077 1078 1077 1074 1062 1058 1051 1048 1046 1048 1055 1069 1079 1085 1089 1092 1098 1104 1110 1111 1112 1119 1131 1143 1153 1160 1163 1167 1167 1169 1175 1179 1180 1183 1187 1191 1196 1201 1210 1215 1221 1231 1244 1257 1268 1284 1302 1318 1333 1345 1365 1388 1407 1428 1448 1464 1483 1507 1519 1524 1528 1532 1536 1543 1549 1556 1559 1564 1567 1571 1572 1570 1562
-9999 -9999 -9999 -9999 -9999 -9999 1068 1067 1077 1081 1086 1083 1077 1069 1065 1061 1066 1062 1058 1058 1051 1046 1043 1042 1044 1051 1063 1078 1088 1095 1102 1104 1106 1113 1119 1122 1125 1134 1143 1153 1161 1163 1166 1163 1169 1174 1177 1177 1177 1179 1181 1184 1196 1207 1213 1217 1229 1244 1252 1262 1279 1299 1313 1327 1346 1364 1384 1403 1423 1446 1464 1485 1506 1517 1523 1526 1530 1534 1544 1553 1558 1560 1563 1567 1571 1573 1572 1565
-9999 -9999 -9999 -9999 -9999 -9999 1064 1063 1063 1068 1071 1068 1065 1058 1056 1046 1051 1049 1047 1045 1044 1041 1041 1040 1045 1051 1059 1067 1078 1090 1101 1106 1111 1118 1126 1128 1131 1136 1145 1156 1166 1168 1161 1159 1156 1167 1172 1173 1172 1173 1174 1175 1187 1199 1210 1217 1228 1239 1248 1257 1275 1296 1310 1325 1343 1358 1377 1395 1416 1438 1459 1481 1500 1509 1517 1525 1533 1538 1547 1553 1558 1560 1561 1563 1567 1570 1569 1568
-9999 -9999 -9999 -9999 -9999 -9999 1057 1056 1054 1054 1053 1057 1053 1053 1047 1040 1042 1044 1043 1038 1038 1038 1039 1039 1046 1055 1063 1066 1071 1081 1094 1102 1109 1119 1124 1130 1138 1145 1153 1163 1168 1169 1163 1150 1144 1151 1161 1160 1164 1165 1164 1166 1173 1184 1200 1213 1223 1236 1245 1258 1275 1293 1306 1320 1338 1353 1367 1387 1406 1429 1451 1471 1490 1503 1510 1523 1534 1539 1545 1550 1553 1557 1560 1564 1570 1572 1573 1573
-9999 -9999 -9999 -9999 -9999 -9999 1047 1046 1041 1040 1047 1043 1045 1043 1040 1032 1030 1030 1030 1030 1033 1037 1043 1052 1061 1068 1072 1075 1074 1079 1089 1098 1105 1114 1122 1130 1139 1149 1157 1163 1164 1161 1157 1147 1143 1145 1151 1151 1153 1154 1155 1159 1167 1176 1192 1201 1212 1225 1242 1260 1276 1292 1305 1318 1333 1350 1367 1381 1397 1415 1435 1456 1476 1493 1503 1512 1523 1532 1539 1548 1556 1563 1571 1579 1582 1581 1581 1580
-9999 -9999 -9999 -9999 -9999 -9999 1030 1033 1031 1031 1034 1039 1043 1037 1028 1022 1019 1021 1024 1026 1031 1040 1050 1063 1073 1079 1082 1081 1085 1086 1093 1102 1107 1113 1120 1128 1140 1150 1157 1160 1157 1150 1144 1136 1133 1139 1143 1144 1142 1143 1147 1154 1164 1177 1188 1200 1210 1222 1242 1258 1273 1285 1302 1316 1328 1344 1364 1379 1390 1404 1420 1442 1462 1476 1487 1496 1508 1519 1528 1539 1552 1567 1580 1587 1588 1585 1583 1582
-9999 -9999 -9999 -9999 -9999 -9999 1018 1024 1023 1024 1029 1029 1027 1021 1015 1012 1014 1021 1024 1026 1031 1039 1052 1067 1077 1085 1090 1093 1093 1092 1098 1107 1114 1119 1125 1129 1139 1150 1157 1158 1148 1138 1130 1127 1120 1127 1130 1133 1136 1139 1142 1148 1162 1173 1185 1197 1208 1222 1237 1255 1271 1286 1303 1319 1332 1346 1361 1374 1385 1396 1409 1425 1444 1458 1470 1482 1495 1510 1521 1530 1543 1560 1573 1581 1582 1582 1581 1584
-9999 -9999 -9999 -9999 -9999 -9999 1011 1017 1015 1014 1011 1007 1004 1004 1005 1013 1023 1028 1031 1033 1037 1043 1054 1064 1075 1086 1096 1101 1108 1107 1108 1115 1123 1128 1133 1136 1141 1149 1154 1152 1140 1129 1125 1124 1119 1116 1116 1120 1128 1134 1139 1145 1159 1169 1185 1199 1211 1224 1239 1255 1271 1283 1298 1316 1331 1344 1353 1366 1375 1387 1400 1416 1429 1444 1461 1475 1486 1500 1512 1520 1532 1544 1556 1572 1578 1580 1581 1584
-9999 -9999 -9999 -9999 -9999 -9999 1007 1004 1003 1002 1000 996 995 1000 1008 1021 1032 1036 1037 1039 1044 1054 1063 1071 1081 1090 1100 1108 1119 1126 1124 1125 1130 1131 1133 1139 1145 1151 1152 1148 1139 1126 1117 1113 1109 1106 1111 1116 1123 1129 1140 1149 1159 1169 1185 1198 1210 1222 1240 1259 1274 1281 1296 1312 1324 1336 1345 1356 1367 1375 1389 1400 1412 1430 1447 1467 1482 1494 1501 1510 1516 1521 1528 1547 1555 1557 1562 1568
-9999 -9999 -9999 -9999 -9999 -9999 998 996 995 994 994 993 997 1003 1012 1024 1034 1039 1039 1041 1048 1056 1066 1075 1086 1094 1103 1115 1128 1136 1138 1138 1138 1137 1138 1141 1141 1144 1147 1145 1137 1125 1112 1105 1104 1104 1112 1114 1118 1127 1137 1150 1161 1175 1187 1199 1213 1226 1241 1258 1275 1284 1298 1308 1316 1324 1338 1348 1359 1369 1375 1385 1400 1419 1441 1461 1477 1487 1492 1496 1501 1506 1512 1526 1537 1537 1537 1544
-9999 -9999 -9999 -9999 -9999 -9999 990 987 990 994 998 1000 1002 1007 1010 1016 1026 1031 1036 1042 1050 1058 1068 1078 1087 1094 1103 1117 1130 1137 1139 1140 1141 1140 1142 1142 1141 1143 1142 1141 1128 1112 1103 1101 1102 1105 1109 1111 1115 1126 1140 1153 1165 1181 1190 1201 1217 1233 1248 1272 1288 1296 1301 1305 1311 1318 1326 1336 1347 1359 1365 1377 1391 1410 1434 1453 1468 1477 1481 1479 1483 1487 1494 1506 1519 1521 1527 1533
-9999 -9999 -9999 -9999 -9999 -9999 985 989 994 999 1004 1010 1013 1018 1019 1021 1024 1028 1031 1036 1047 1058 1066 1074 1083 1091 1100 1112 1125 1130 1130 1132 1134 1136 1136 1134 1134 1135 1138 1133 1116 1103 1098 1098 1102 1103 1104 1107 1115 1127 1139 1150 1160 1177 1191 1207 1225 1241 1260 1276 1283 1294 1295 1296 1300 1306 1310 1317 1331 1344 1358 1370 1384 1400 1416 1436 1449 1456 1457 1462 1468 1477 1478 1487 1499 1504 1509 1517
-9999 -9999 -9999 -9999 -9999 -9999 986 993 1001 1006 1009 1014 1021 1026 1027 1034 1038 1037 1036 1038 1048 1057 1062 1069 1078 1086 1095 1104 1113 1120 1125 1125 1125 1128 1128 1124 1123 1122 1124 1121 1106 1094 1089 1090 1094 1095 1098 1103 1112 1123 1135 1147 1159 1177 1194 1209 1224 1243 1263 1270 1282 1280 1280 1278 1283 1293 1300 1308 1320 1330 1345 1360 1371 1383 1397 1413 1424 1433 1435 1438 1446 1452 1463 1473 1482 1488 1500 1502
-9999 -9999 -9999 -9999 -9999 -9999 988 998 1006 1011 1014 1021 1031 1038 1039 1041 1043 1043 1044 1048 1050 1055 1057 1065 1074 1083 1090 1098 1105 1112 1117 1117 1117 1120 1120 1110 1109 1107 1110 1108 1096 1081 1077 1082 1086 1090 1095 1100 1109 1118 1128 1141 1157 1173 1192 1207 1222 1239 1255 1268 1261 1256 1255 1255 1261 1274 1289 1299 1311 1319 1332 1345 1353 1363 1377 1390 1404 1409 1410 1415 1429 1428 1436 1444 1462 1476 1489 1492
-9999 -9999 -9999 -9999 -9999 -9999 995 1003 1012 1020 1024 1032 1044 1049 1050 1049 1050 1050 1052 1058 1061 1061 1060 1066 1072 1078 1085 1092 1098 1104 1111 1114 1114 1111 1109 1097 1095 1092 1097 1097 1086 1073 1073 1078 1081 1085 1090 1096 1105 1115 1128 1142 1156 1172 1188 1205 1218 1233 1245 1256 1256 1249 1239 1235 1245 1260 1278 1288 1299 1310 1321 1329 1338 1351 1363 1373 1384 1379 1395 1406 1406 1411 1415 1423 1448 1471 1480 1486
-9999 -9999 -9999 -9999 -9999 -9999 1000 1009 1021 1029 1034 1042 1051 1055 1058 1062 1064 1063 1063 1065 1071 1073 1071 1074 1078 1079 1084 1090 1096 1101 1107 1112 1111 1107 1101 1092 1085 1084 1081 1078 1073 1069 1070 1074 1078 1084 1090 1096 1104 1113 1123 1138 1153 1169 1191 1210 1224 1234 1240 1246 1247 1235 1224 1222 1235 1250 1258 1269 1281 1295 1306 1315 1325 1338 1350 1356 1362 1365 1382 1397 1401 1404 1411 1418 1428 1460 1476 1484
-9999 -9999 -9999 -9999 -9999 -9999 1003 1012 1024 1037 1045 1051 1060 1065 1067 1069 1072 1073 1076 1076 1079 1082 1085 1087 1090 1094 1097 1100 1101 1104 1107 1109 1108 1100 1094 1084 1079 1064 1066 1068 1070 1067 1064 1068 1073 1080 1086 1093 1101 1111 1125 1142 1159 1178 1201 1217 1226 1231 1231 1235 1235 1226 1218 1216 1226 1237 1247 1257 1267 1277 1288 1296 1305 1315 1331 1344 1344 1357 1370 1381 1395 1409 1417 1425 1435 1457 1474 1483
-9999 -9999 -9999 -9999 -9999 -9999 1007 1019 1027 1039 1048 1055 1064 1074 1083 1085 1084 1084 1086 1089 1094 1091 1093 1095 1096 1104 1105 1104 1103 1105 1107 1107 1102 1094 1086 1073 1061 1061 1063 1062 1066 1062 1061 1065 1070 1075 1082 1089 1097 1106 1120 1141 1162 1179 1202 1217 1220 1218 1218 1216 1215 1214 1208 1206 1216 1224 1232 1240 1249 1260 1271 1278 1286 1296 1308 1329 1342 1351 1356 1372 1387 1405 1421 1433 1449 1466 1479 1489
-9999 -9999 -9999 -9999 -9999 -9999 1009 1023 1034 1046 1056 1064 1074 1088 1097 1098 1095 1094 1097 1101 1103 1102 1103 1109 1111 1117 1117 1113 1110 1111 1107 1100 1089 1083 1075 1066 1057 1047 1051 1059 1059 1059 1058 1062 1066 1072 1078 1084 1094 1104 1118 1137 1158 1174 1193 1210 1217 1211 1204 1198 1201 1199 1197 1198 1204 1211 1217 1225 1238 1251 1260 1267 1276 1287 1298 1313 1332 1345 1361 1374 1389 1408 1423 1437 1456 1473 1485 1495
-9999 -9999 -9999 -9999 -9999 -9999 1015 1028 1042 1054 1065 1074 1088 1097 1105 1106 1104 1104 1108 1112 1116 1116 1113 1112 1114 1118 1118 1117 1117 1113 1102 1089 1076 1071 1065 1057 1051 1039 1045 1053 1057 1055 1055 1057 1061 1068 1077 1084 1093 1101 1114 1129 1152 1169 1188 1204 1211 1203 1196 1190 1189 1187 1189 1191 1194 1200 1208 1219 1234 1248 1258 1266 1274 1287 1300 1320 1337 1351 1366 1381 1396 1413 1425 1439 1455 1474 1485 1493
-9999 -9999 -9999 -9999 -9999 -9999 1016 1028 1041 1052 1062 1075 1089 1098 1104 1110 1111 1111 1112 1118 1122 1122 1117 1115 1113 1114 1115 1114 1111 1098 1088 1079 1068 1063 1057 1052 1044 1036 1038 1045 1050 1051 1051 1053 1057 1065 1073 1078 1086 1096 1111 1129 1151 1164 1180 1197 1199 1198 1186 1180 1180 1181 1184 1189 1190 1196 1205 1218 1235 1248 1256 1266 1279 1295 1313 1329 1348 1362 1377 1391 1403 1415 1424 1436 1453 1470 1479 1482
-9999 -9999 -9999 -9999 -9999 -9999 1015 1025 1038 1049 1054 1068 1084 1095 1101 1111 1116 1121 1121 1123 1124 1122 1116 1113 1111 1111 1108 1095 1085 1082 1076 1073 1067 1059 1053 1048 1043 1028 1033 1036 1037 1043 1046 1051 1056 1064 1068 1072 1079 1091 1105 1126 1145 1159 1172 1185 1195 1195 1187 1179 1175 1171 1177 1182 1186 1193 1205 1220 1237 1251 1266 1282 1298 1313 1327 1343 1357 1369 1383 1395 1406 1415 1425 1436 1450 1459 1466 1470
-9999 -9999 -9999 -9999 -9999 -9999 1011 1022 1033 1044 1050 1059 1077 1089 1097 1105 1115 1120 1123 1125 1125 1121 1116 1113 1108 1101 1092 1075 1065 1061 1064 1064 1058 1053 1045 1043 1030 1026 1030 1027 1029 1038 1041 1045 1049 1058 1064 1069 1077 1090 1106 1127 1144 1158 1169 1181 1188 1187 1181 1175 1165 1164 1170 1176 1182 1190 1204 1217 1231 1249 1269 1288 1297 1313 1334 1337 1353 1362 1366 1390 1403 1413 1424 1435 1446 1454 1454 1457
-9999 -9999 -9999 -9999 -9999 -9999 1007 1016 1026 1037 1046 1055 1069 1083 1089 1095 1109 1116 1119 1121 1121 1116 1107 1097 1090 1084 1066 1053 1047 1043 1051 1051 1049 1044 1038 1031 1028 1027 1021 1021 1024 1031 1036 1040 1044 1054 1061 1066 1074 1088 1104 1120 1138 1153 1164 1175 1183 1183 1176 1167 1163 1159 1159 1168 1176 1186 1199 1211 1225 1243 1261 1280 1297 1304 1320 1327 1339 1349 1363 1384 1398 1408 1420 1433 1440 1442 1439 1444
-9999 -9999 -9999 -9999 -9999 -9999 1004 1012 1019 1029 1038 1047 1056 1070 1082 1085 1098 1109 1115 1111 1106 1104 1092 1081 1075 1061 1047 1046 1048 1047 1043 1041 1040 1033 1028 1025 1023 1017 1015 1015 1020 1025 1030 1035 1041 1049 1058 1063 1072 1087 1100 1115 1137 1149 1159 1169 1177 1177 1168 1158 1153 1149 1152 1165 1175 1186 1196 1205 1218 1237 1248 1262 1276 1291 1306 1316 1330 1346 1361 1380 1398 1407 1416 1427 1429 1428 1428 1428
-9999 -9999 -9999 -9999 -9999 -9999 1001 1008 1015 1021 1030 1041 1047 1059 1071 1077 1082 1096 1106 1106 1100 1093 1083 1071 1064 1050 1043 1043 1051 1052 1048 1041 1034 1026 1021 1019 1016 1009 1009 1011 1016 1022 1028 1034 1041 1051 1057 1063 1073 1086 1097 1111 1130 1146 1157 1168 1174 1172 1162 1154 1150 1147 1152 1164 1172 1181 1189 1200 1210 1223 1236 1245 1263 1283 1299 1313 1328 1349 1365 1377 1395 1408 1417 1423 1421 1414 1406 1405
-9999 -9999 -9999 -9999 -9999 -9999 997 1004 1009 1016 1026 1036 1045 1053 1062 1069 1076 1086 1092 1091 1084 1075 1071 1061 1052 1044 1039 1040 1041 1044 1043 1037 1032 1022 1017 1013 1010 1005 1007 1013 1016 1022 1028 1033 1040 1047 1054 1062 1073 1086 1097 1111 1132 1147 1158 1161 1167 1162 1154 1147 1144 1143 1148 1156 1163 1170 1182 1194 1205 1218 1228 1241 1258 1282 1298 1313 1330 1346 1360 1375 1383 1395 1410 1411 1406 1395 1393 1398
-9999 -9999 -9999 -9999 -9999 -9999 993 1000 1005 1012 1023 1035 1043 1051 1061 1069 1073 1075 1075 1070 1067 1060 1053 1045 1036 1028 1024 1026 1032 1036 1034 1031 1027 1020 1015 1008 1000 1000 1005 1011 1014 1018 1020 1025 1034 1044 1052 1062 1071 1082 1096 1110 1127 1140 1151 1157 1156 1152 1145 1140 1133 1131 1136 1143 1152 1161 1175 1186 1197 1210 1223 1240 1261 1282 1299 1308 1322 1337 1350 1363 1370 1379 1385 1388 1386 1384 1387 1394
-9999 -9999 -9999 -9999 -9999 -9999 989 997 1003 1011 1021 1032 1039 1046 1057 1065 1065 1059 1055 1051 1045 1035 1028 1030 1025 1013 1010 1014 1021 1026 1027 1023 1018 1011 1007 1001 996 995 1001 1006 1010 1013 1014 1018 1027 1037 1046 1056 1065 1074 1088 1103 1122 1135 1142 1147 1146 1137 1133 1130 1125 1124 1129 1137 1147 1157 1169 1180 1191 1206 1222 1240 1259 1281 1292 1298 1312 1326 1344 1348 1348 1351 1355 1362 1374 1380 1386 1394
-9999 -9999 -9999 -9999 -9999 -9999 992 998 1003 1011 1020 1031 1036 1043 1051 1059 1058 1051 1046 1032 1026 1021 1012 1016 1011 1005 1000 1005 1012 1016 1017 1014 1009 1004 999 996 992 996 996 999 1003 1009 1012 1015 1024 1032 1044 1054 1063 1071 1082 1094 1112 1128 1136 1138 1136 1127 1119 1117 1115 1119 1125 1132 1142 1152 1162 1173 1183 1199 1220 1241 1251 1268 1288 1296 1304 1317 1321 1327 1331 1334 1344 1354 1359 1374 1381 1388
-9999 -9999 -9999 -9999 -9999 -9999 989 995 1000 1006 1016 1026 1033 1039 1046 1051 1049 1043 1039 1031 1019 1014 1009 1007 997 998 995 996 1000 1001 1002 1002 999 995 984 983 988 992 995 996 998 1005 1007 1013 1018 1028 1039 1048 1059 1070 1082 1091 1105 1118 1127 1131 1128 1120 1110 1105 1106 1112 1119 1126 1136 1149 1160 1172 1181 1191 1212 1229 1239 1249 1266 1283 1294 1297 1307 1316 1321 1325 1333 1345 1358 1366 1377 1384
-9999 -9999 -9999 -9999 -9999 -9999 984 989 996 1004 1012 1021 1029 1035 1041 1046 1042 1036 1028 1022 1014 1007 1000 991 990 993 989 989 989 986 985 987 988 985 982 981 985 988 992 992 992 994 1000 1008 1016 1024 1035 1046 1056 1068 1078 1093 1103 1110 1118 1122 1120 1115 1106 1100 1102 1110 1119 1125 1133 1143 1157 1169 1179 1191 1201 1216 1227 1234 1245 1262 1262 1282 1295 1313 1311 1320 1326 1341 1354 1366 1374 1379
-9999 -9999 -9999 -9999 -9999 -9999 981 983 990 1000 1009 1020 1025 1029 1035 1034 1031 1025 1015 1011 1005 997 988 986 988 987 984 979 973 969 969 972 976 978 983 982 981 981 986 987 988 990 996 1005 1012 1021 1031 1042 1052 1061 1072 1088 1099 1106 1115 1120 1115 1110 1099 1096 1099 1108 1117 1123 1133 1146 1157 1166 1175 1183 1190 1197 1207 1220 1231 1239 1255 1269 1291 1302 1306 1314 1328 1341 1354 1363 1369 1367
-9999 -9999 -9999 -9999 -9999 -9999 979 980 986 998 1008 1012 1016 1016 1018 1013 1007 1009 1000 994 991 984 985 986 979 978 973 966 962 962 964 969 972 975 979 977 977 979 984 988 989 989 993 999 1008 1018 1028 1039 1047 1055 1067 1078 1090 1102 1107 1111 1108 1102 1093 1093 1099 1108 1116 1123 1132 1143 1152 1156 1165 1172 1177 1182 1189 1197 1208 1225 1243 1252 1279 1289 1299 1306 1326 1341 1351 1359 1356 1351
-9999 -9999 -9999 -9999 -9999 -9999 973 979 987 997 1002 1007 1006 1003 1000 992 989 989 986 982 976 971 974 977 973 967 964 962 961 961 963 965 967 972 976 976 975 975 980 983 985 987 990 995 1004 1014 1024 1034 1041 1050 1061 1070 1079 1086 1096 1102 1099 1099 1094 1090 1094 1102 1110 1120 1128 1136 1140 1143 1151 1158 1164 1173 1183 1193 1200 1210 1230 1247 1263 1288 1296 1306 1326 1339 1350 1353 1345 1336
-9999 -9999 -9999 -9999 -9999 -9999 973 978 988 993 993 994 990 986 980 974 980 979 979 976 967 957 960 964 960 957 955 957 957 960 960 963 967 970 975 975 974 971 974 976 979 983 986 993 1003 1014 1025 1035 1043 1051 1058 1063 1068 1074 1080 1085 1090 1091 1089 1085 1088 1093 1102 1113 1122 1126 1128 1133 1143 1151 1160 1170 1185 1196 1203 1215 1233 1253 1271 1287 1296 1308 1325 1340 1346 1343 1334 1326
