extract_example_aster.asc
ncols         219
nrows         218
xllcorner     -70.097132092699
yllcorner     -20.941010329836
cellsize      0.00027777777777778
NODATA_value  -9999
[rows 117 to 155 of 218, columns 88 to 175 of 219]
1134 1122 1109 1087 1078 1071 1066 1059 1051 1047 1034 1026 1023 1012 997 983 963 951 943 935 927 921 921 921 921 919 914 910 904 900 894 886 881 877 876 876 876 879 881 880 874 864 854 849 847 842 836 833 830 823 815 810 808 806 802 799 797 793 788 779 778 778 778 775 770 767 766 765 764 761 760 757 754 751 748 745 741 737 736 734 728 729 729 727 723 717 718 720
1124 1106 1090 1079 1068 1063 1044 1038 1034 1027 1019 1010 998 989 977 962 952 945 941 935 929 927 930 931 928 924 921 914 906 902 899 889 882 876 874 873 874 875 880 884 881 873 866 856 851 845 838 834 832 828 819 814 813 809 804 802 800 795 792 791 785 781 781 778 774 773 772 769 763 761 761 756 755 753 750 746 741 737 736 734 732 731 725 725 726 721 718 718
1128 1106 1091 1077 1066 1049 1033 1023 1017 1010 1001 987 978 969 962 957 954 949 946 943 943 943 941 939 936 935 932 924 914 908 898 885 876 871 866 866 868 870 877 882 884 881 875 866 858 850 841 834 832 829 825 821 818 811 808 808 804 797 794 791 788 785 783 781 779 778 776 773 769 766 763 759 756 754 750 745 741 738 738 739 738 733 728 725 723 723 722 722
1129 1111 1093 1078 1063 1048 1030 1015 1005 996 985 977 972 967 961 958 962 967 968 972 968 961 954 946 943 942 937 929 917 906 894 884 874 867 865 868 868 869 872 880 884 882 875 868 863 860 852 843 837 834 829 826 820 816 815 815 809 799 796 793 791 789 787 784 780 776 775 774 772 767 762 759 755 753 750 748 745 744 741 738 735 733 729 726 725 729 730 729
1124 1112 1095 1077 1059 1044 1027 1012 1001 997 989 980 977 977 970 969 976 982 989 988 980 973 964 957 953 946 938 926 914 904 896 886 878 871 870 870 868 868 871 877 883 880 873 869 868 866 860 851 842 835 832 828 824 822 820 818 813 807 798 794 794 792 790 786 783 780 778 774 770 766 761 759 756 753 751 751 749 746 739 736 735 731 729 732 731 733 732 729
1114 1101 1088 1074 1058 1039 1029 1022 1009 1007 1002 994 988 985 989 992 998 1003 1004 999 989 981 974 968 958 944 933 924 915 906 897 890 884 878 876 874 871 872 868 873 875 873 867 864 864 864 860 851 841 834 831 830 827 824 822 821 819 812 803 802 797 793 791 790 787 782 775 771 768 767 764 763 758 756 754 753 750 743 738 735 734 729 731 735 735 733 732 731
1108 1099 1084 1073 1064 1048 1034 1033 1030 1026 1019 1013 1010 1010 1012 1015 1019 1019 1013 1006 994 984 975 967 956 942 934 928 920 910 901 894 889 881 877 876 874 873 870 869 870 871 867 863 862 860 857 851 842 839 837 836 830 826 823 822 820 814 807 804 799 793 790 788 786 781 776 773 770 768 766 766 764 761 759 756 748 744 741 741 740 736 734 735 733 732 730 728
1106 1091 1082 1075 1073 1060 1052 1057 1059 1052 1044 1035 1032 1032 1033 1040 1038 1030 1024 1018 1003 990 977 967 956 945 936 930 924 915 903 897 891 883 882 883 880 875 872 871 871 874 877 873 868 865 861 855 847 842 840 839 837 831 824 819 816 812 808 804 799 793 788 787 786 783 780 776 770 768 768 767 765 763 762 759 751 748 746 746 745 742 737 734 733 732 729 727
1107 1093 1085 1081 1078 1072 1076 1081 1078 1073 1063 1055 1053 1051 1055 1059 1052 1041 1035 1032 1016 997 980 970 958 946 937 930 920 910 902 896 891 888 885 882 878 877 874 872 874 878 882 881 875 871 866 858 848 844 842 839 837 833 825 818 813 810 806 801 794 790 788 790 791 788 782 777 771 768 768 770 767 765 763 763 758 754 751 749 749 745 738 736 736 734 732 731
1104 1100 1100 1087 1089 1097 1099 1103 1107 1100 1092 1083 1079 1073 1073 1074 1069 1055 1046 1039 1025 1005 985 975 961 947 938 930 921 910 903 898 897 898 893 887 880 877 877 878 878 879 881 883 881 878 874 864 855 850 846 841 837 832 825 819 814 810 808 803 797 792 793 795 794 791 785 778 772 768 768 771 769 767 765 766 763 760 757 755 751 745 740 738 736 734 735 736
1116 1113 1103 1102 1102 1107 1110 1112 1117 1119 1117 1109 1100 1093 1089 1089 1081 1067 1054 1043 1031 1010 990 978 966 954 945 936 928 919 910 906 905 905 899 888 882 878 879 881 880 879 879 879 878 877 875 868 859 853 849 843 838 832 827 822 816 812 809 805 802 794 792 793 792 791 785 779 773 770 770 772 771 768 767 768 763 758 756 753 751 748 745 740 738 739 738 736
1135 1129 1112 1110 1115 1122 1131 1132 1137 1139 1136 1130 1125 1117 1111 1102 1091 1074 1059 1047 1036 1020 999 985 974 962 953 946 939 930 921 914 911 908 900 891 886 881 878 878 878 875 873 875 878 878 878 876 869 861 857 849 841 834 830 826 821 818 813 806 801 796 793 794 792 788 783 780 778 777 775 774 772 769 767 765 762 758 754 752 751 750 748 744 743 743 739 735
1145 1142 1147 1132 1133 1144 1155 1159 1157 1153 1149 1146 1140 1134 1126 1112 1095 1077 1061 1050 1041 1033 1016 997 981 969 959 949 943 937 927 918 911 905 897 890 887 882 877 876 874 872 873 873 877 880 882 879 872 861 858 849 841 837 834 830 824 821 816 808 803 800 795 795 791 787 786 785 785 782 777 773 771 769 765 763 761 759 757 755 754 753 750 749 745 743 740 736
1165 1170 1171 1162 1161 1170 1180 1182 1179 1173 1167 1160 1155 1147 1136 1123 1106 1089 1073 1057 1046 1036 1024 1006 990 980 969 956 946 940 929 919 911 899 895 892 890 887 885 882 878 876 873 870 869 877 882 882 877 869 864 859 846 838 836 830 826 822 817 812 809 807 803 797 792 789 788 787 788 786 780 776 772 768 764 764 765 763 760 757 757 753 750 749 746 743 740 736
1186 1194 1195 1184 1184 1192 1207 1209 1201 1193 1186 1182 1174 1163 1149 1134 1120 1103 1085 1066 1051 1040 1028 1011 996 986 975 963 951 945 935 924 911 900 895 893 893 891 886 883 881 877 872 869 869 870 875 877 877 871 867 864 855 844 837 833 829 825 821 815 813 811 806 799 795 793 791 791 790 790 785 781 775 770 767 766 766 766 764 762 760 754 750 748 745 742 739 736
1211 1213 1208 1199 1200 1213 1220 1224 1218 1209 1201 1195 1184 1171 1158 1144 1129 1114 1098 1075 1056 1043 1030 1015 999 987 975 960 950 946 936 924 915 906 898 896 897 893 887 884 881 873 869 865 863 862 865 868 869 868 866 865 858 848 838 836 834 832 827 820 817 814 810 806 802 799 798 796 793 789 785 782 776 773 769 768 770 769 764 762 758 754 750 746 744 742 742 740
1225 1223 1219 1211 1216 1219 1227 1226 1223 1218 1210 1201 1189 1175 1163 1151 1138 1124 1100 1077 1053 1040 1030 1016 1001 988 974 959 949 941 932 925 919 913 903 898 897 896 891 885 878 872 870 867 865 860 861 863 863 864 864 862 857 851 842 838 835 832 830 825 821 818 816 813 807 801 799 799 798 792 786 782 778 776 773 775 776 772 765 761 758 755 751 747 745 744 743 742
1240 1233 1229 1231 1236 1244 1238 1235 1225 1217 1209 1201 1190 1174 1161 1147 1136 1117 1097 1072 1053 1040 1030 1018 1001 987 975 961 949 940 935 930 925 918 909 903 900 896 888 881 877 873 874 877 875 868 862 861 865 867 868 867 863 856 847 840 833 832 831 828 825 822 818 814 810 806 802 802 801 794 788 778 782 779 777 779 778 774 766 761 758 756 754 752 748 746 744 740
1265 1264 1257 1248 1251 1264 1265 1250 1237 1221 1210 1201 1187 1171 1156 1138 1123 1109 1093 1073 1055 1041 1030 1018 1002 986 974 964 955 949 945 939 930 920 911 904 898 893 887 885 885 884 883 887 886 878 870 865 866 870 874 873 870 862 854 846 839 838 836 831 828 824 820 816 814 811 806 803 800 799 793 785 784 779 777 777 776 774 772 764 760 758 757 754 749 745 744 740
1291 1289 1282 1277 1275 1278 1278 1268 1247 1229 1213 1200 1184 1168 1150 1133 1115 1099 1083 1065 1051 1040 1029 1015 1001 985 976 971 964 961 954 942 930 921 914 905 898 894 894 895 894 893 894 895 892 883 875 871 869 872 875 876 874 869 859 852 842 842 840 833 829 826 822 819 818 817 810 805 802 800 793 789 786 782 777 776 776 775 773 766 762 759 758 753 751 749 746 742
1314 1310 1304 1298 1294 1290 1282 1273 1253 1233 1217 1199 1181 1163 1146 1128 1109 1094 1079 1060 1046 1034 1022 1010 1001 994 987 982 976 968 953 935 924 918 912 906 901 899 904 908 907 907 908 905 898 887 879 876 872 869 876 879 879 874 869 861 854 849 843 840 834 831 826 822 821 817 812 807 804 802 799 793 788 785 783 780 780 778 773 770 767 763 761 758 756 753 751 749
1324 1322 1326 1320 1310 1303 1292 1273 1251 1234 1218 1201 1181 1161 1144 1125 1105 1089 1075 1058 1045 1033 1020 1013 1009 1004 997 991 981 967 947 931 924 920 915 909 908 910 917 923 919 919 917 909 902 895 887 878 874 870 876 879 878 879 877 873 866 857 849 844 840 836 831 827 822 817 812 809 807 805 798 794 788 789 789 784 781 778 776 772 767 764 762 760 757 753 749 747
1343 1349 1347 1335 1322 1312 1297 1277 1254 1233 1214 1202 1183 1167 1151 1135 1106 1089 1076 1062 1052 1042 1033 1025 1021 1014 1005 996 978 959 943 931 926 923 923 927 928 936 938 938 934 929 924 913 906 902 895 883 875 872 872 874 879 886 877 876 871 859 851 847 844 840 837 830 824 819 814 811 808 807 803 797 795 794 790 784 780 778 775 770 765 762 762 759 755 751 748 746
1366 1369 1362 1348 1331 1318 1303 1283 1264 1242 1217 1203 1184 1169 1155 1137 1115 1096 1080 1072 1065 1055 1045 1034 1024 1014 1005 993 976 953 943 937 933 933 937 948 951 950 949 944 936 928 919 909 902 898 894 882 875 873 870 874 877 882 880 877 870 861 856 852 847 843 837 830 827 823 818 814 809 807 806 799 794 792 787 784 780 780 778 772 766 762 761 758 754 749 746 745
1387 1376 1370 1357 1337 1323 1304 1282 1265 1249 1230 1204 1189 1170 1155 1142 1120 1102 1088 1079 1072 1062 1050 1035 1020 1010 1004 997 983 963 948 944 944 947 955 959 959 955 949 940 931 919 908 902 897 893 887 880 875 873 872 874 878 882 883 880 872 863 856 850 846 842 837 832 828 824 820 817 813 810 808 806 801 796 790 786 782 779 778 775 770 765 762 758 754 750 746 745
1397 1385 1372 1356 1340 1325 1305 1285 1267 1249 1232 1213 1191 1174 1157 1142 1125 1110 1095 1085 1078 1067 1054 1035 1018 1008 1001 999 990 977 961 967 966 968 971 968 961 950 940 930 922 909 902 898 894 889 885 882 878 875 874 874 878 883 884 881 874 865 858 851 846 844 840 836 833 827 820 817 814 810 808 804 802 800 794 788 785 782 779 775 772 767 761 756 753 750 748 746
1407 1390 1369 1355 1338 1320 1301 1281 1265 1250 1232 1220 1193 1169 1161 1147 1131 1119 1107 1093 1085 1073 1059 1041 1023 1014 1007 1000 992 989 990 992 988 984 974 967 956 945 937 931 924 916 908 901 893 885 880 877 875 872 870 875 879 886 885 881 876 869 862 853 848 847 844 836 835 827 823 821 816 811 809 806 804 803 797 789 788 787 782 776 773 771 766 760 757 756 752 746
1419 1398 1378 1359 1344 1321 1302 1285 1268 1252 1238 1219 1191 1174 1166 1155 1141 1130 1120 1110 1098 1083 1071 1057 1036 1021 1011 1004 997 999 1001 1001 998 989 977 967 955 949 943 936 930 920 911 901 893 886 883 883 880 877 874 877 882 883 882 881 879 874 871 866 858 856 850 845 838 827 822 823 817 812 808 807 807 806 800 795 793 793 788 779 775 774 771 764 760 758 755 750
1431 1412 1390 1367 1350 1333 1309 1289 1281 1265 1237 1217 1200 1185 1177 1169 1158 1143 1135 1126 1111 1095 1084 1067 1048 1031 1021 1015 1012 1012 1010 1005 997 987 977 968 960 952 946 940 933 924 914 905 896 891 888 886 883 879 877 877 878 880 883 887 889 884 881 875 865 858 854 848 841 828 827 826 820 817 816 812 810 807 803 797 794 793 791 787 782 778 772 767 763 761 757 753
1436 1418 1400 1376 1356 1338 1318 1302 1287 1265 1244 1234 1221 1200 1194 1189 1174 1162 1151 1138 1120 1104 1094 1078 1060 1045 1038 1035 1031 1023 1014 1004 997 990 983 976 968 958 950 942 933 922 913 907 901 894 890 888 887 885 881 876 878 883 888 894 896 892 885 878 868 861 855 847 838 833 830 828 826 824 822 817 811 807 804 799 793 791 791 788 783 778 773 770 767 763 759 753
1441 1422 1404 1385 1367 1344 1322 1310 1295 1276 1259 1249 1231 1224 1218 1211 1197 1183 1167 1148 1131 1116 1102 1087 1074 1065 1059 1050 1041 1034 1022 1010 1006 998 992 983 973 960 951 944 934 924 917 912 906 898 892 887 885 884 881 877 879 884 893 896 897 895 887 881 871 864 856 845 838 835 832 830 830 830 826 820 816 815 813 805 798 792 789 786 783 780 775 772 771 767 761 757
1442 1422 1409 1393 1375 1348 1323 1313 1301 1287 1274 1259 1247 1240 1234 1218 1209 1198 1181 1162 1139 1122 1108 1099 1091 1083 1072 1061 1048 1037 1028 1020 1018 1011 1003 993 982 967 955 947 936 926 918 912 908 903 897 890 888 887 886 884 884 885 892 894 897 897 893 888 879 870 861 850 842 838 836 837 837 831 825 819 817 817 816 811 804 797 791 788 784 782 779 775 772 768 764 759
1444 1427 1414 1401 1385 1358 1332 1320 1308 1305 1289 1270 1266 1266 1254 1233 1218 1204 1189 1170 1147 1131 1121 1113 1104 1092 1079 1066 1054 1044 1038 1033 1025 1016 1006 996 985 974 962 952 944 935 923 917 916 915 907 896 890 890 889 889 883 885 892 896 896 896 895 891 884 874 862 853 848 847 845 844 841 837 830 825 821 819 816 812 808 803 796 790 787 786 786 779 770 766 763 760
1445 1429 1416 1406 1392 1366 1353 1338 1324 1317 1304 1288 1283 1278 1265 1248 1228 1208 1193 1178 1163 1149 1138 1126 1114 1099 1082 1071 1060 1050 1044 1038 1030 1022 1013 1007 998 987 973 962 956 947 932 925 924 923 917 905 897 896 896 891 888 886 892 896 893 892 890 888 883 874 863 858 855 856 854 850 846 842 836 832 828 824 819 815 813 808 801 794 792 788 787 781 772 766 764 762
1459 1438 1424 1413 1399 1378 1361 1347 1335 1329 1323 1313 1306 1290 1279 1256 1238 1222 1205 1190 1175 1159 1147 1135 1120 1103 1089 1080 1071 1059 1053 1048 1043 1038 1031 1019 1009 1000 986 969 961 954 944 938 934 927 924 915 904 899 896 891 889 890 891 895 893 893 886 881 877 869 863 860 861 861 859 855 852 848 840 836 832 827 823 819 816 812 805 799 796 793 789 782 774 768 766 764
1473 1453 1433 1420 1407 1392 1371 1357 1348 1342 1336 1329 1318 1304 1285 1263 1247 1230 1214 1197 1184 1170 1156 1140 1125 1108 1098 1089 1081 1072 1066 1062 1056 1050 1041 1028 1014 1001 988 973 965 960 952 944 937 930 924 915 904 898 896 894 891 890 892 898 898 895 892 884 874 868 866 866 865 865 860 855 854 849 842 838 834 828 824 820 818 814 806 802 798 796 791 784 778 774 770 766
1487 1466 1449 1436 1419 1405 1391 1376 1364 1352 1345 1336 1324 1310 1294 1270 1255 1240 1223 1203 1190 1176 1160 1147 1134 1123 1115 1106 1100 1092 1085 1071 1061 1051 1043 1032 1018 1003 988 979 973 967 959 948 939 929 922 913 904 897 894 892 890 890 894 897 897 896 893 887 877 869 869 869 870 870 866 861 857 850 845 841 837 831 826 822 819 814 809 803 800 796 791 785 778 774 769 765
1502 1476 1459 1448 1435 1423 1408 1397 1385 1372 1356 1347 1337 1321 1308 1290 1269 1254 1235 1217 1199 1191 1170 1161 1150 1140 1133 1125 1115 1106 1095 1079 1062 1050 1042 1034 1023 1008 996 988 980 971 964 955 944 934 922 913 907 901 894 891 890 890 890 888 891 893 891 888 881 874 874 878 878 876 873 869 860 853 848 845 840 836 832 826 821 817 812 806 801 797 794 787 779 774 770 767
1522 1490 1464 1458 1453 1444 1433 1423 1411 1393 1375 1362 1347 1333 1321 1306 1285 1267 1251 1231 1226 1193 1192 1179 1166 1158 1145 1135 1124 1110 1095 1076 1061 1050 1041 1036 1028 1018 1007 996 986 978 969 960 950 939 926 917 912 907 900 896 892 889 884 883 886 887 888 890 889 886 885 885 883 879 878 875 864 855 850 847 842 838 834 829 823 818 812 806 799 795 792 786 777 772 769 766
