extract_example_aster.asc
ncols         219
nrows         218
xllcorner     -70.097132092699
yllcorner     -20.941010329836
cellsize      0.00027777777777778
NODATA_value  -9999
[rows 0 to 38 of 218, columns 88 to 175 of 219]
-9999 -9999 -9999 -9999 -9999 -9999 -9999 -9999 -9999 -9999 -9999 -9999 -9999 -9999 -9999 -9999 -9999 -9999 -9999 -9999 -9999 -9999 -9999 -9999 -9999 -9999 -9999 -9999 -9999 -9999 -9999 -9999 -9999 -9999 -9999 -9999 -9999 -9999 -9999 -9999 -9999 -9999 -9999 -9999 -9999 -9999 -9999 -9999 -9999 -9999 -9999 -9999 -9999 -9999 -9999 -9999 -9999 -9999 -9999 -9999 -9999 -9999 -9999 -9999 -9999 -9999 -9999 -9999 -9999 -9999 -9999 -9999 -9999 -9999 -9999 -9999 -9999 -9999 -9999 -9999 -9999 -9999 -9999 -9999 -9999 -9999 -9999 -9999
-9999 -9999 -9999 -9999 -9999 -9999 -9999 -9999 -9999 -9999 -9999 -9999 -9999 -9999 -9999 -9999 -9999 -9999 -9999 -9999 -9999 -9999 -9999 -9999 -9999 -9999 -9999 -9999 -9999 -9999 -9999 -9999 -9999 -9999 -9999 -9999 -9999 -9999 -9999 -9999 -9999 -9999 -9999 -9999 -9999 -9999 -9999 -9999 -9999 -9999 -9999 -9999 -9999 -9999 -9999 -9999 -9999 -9999 -9999 -9999 -9999 -9999 -9999 -9999 -9999 -9999 -9999 -9999 -9999 -9999 -9999 -9999 -9999 -9999 -9999 -9999 -9999 -9999 -9999 -9999 -9999 -9999 -9999 -9999 -9999 -9999 -9999 -9999
-9999 -9999 -9999 -9999 -9999 -9999 -9999 -9999 -9999 -9999 -9999 -9999 -9999 -9999 -9999 -9999 -9999 -9999 -9999 -9999 -9999 -9999 -9999 -9999 -9999 -9999 -9999 -9999 -9999 -9999 -9999 -9999 -9999 -9999 -9999 -9999 -9999 -9999 -9999 -9999 -9999 -9999 -9999 -9999 -9999 -9999 -9999 -9999 -9999 -9999 -9999 -9999 -9999 -9999 -9999 -9999 -9999 -9999 -9999 -9999 -9999 -9999 -9999 -9999 -9999 -9999 -9999 -9999 -9999 -9999 -9999 -9999 -9999 -9999 -9999 -9999 -9999 -9999 -9999 -9999 -9999 -9999 -9999 -9999 -9999 -9999 -9999 -9999
-9999 -9999 -9999 -9999 -9999 -9999 -9999 -9999 -9999 -9999 -9999 -9999 -9999 -9999 -9999 -9999 -9999 -9999 -9999 -9999 -9999 -9999 -9999 -9999 -9999 -9999 -9999 -9999 -9999 -9999 -9999 -9999 -9999 -9999 -9999 -9999 -9999 -9999 -9999 -9999 -9999 -9999 -9999 -9999 -9999 -9999 -9999 -9999 -9999 -9999 -9999 -9999 -9999 -9999 -9999 -9999 -9999 -9999 -9999 -9999 -9999 -9999 -9999 -9999 -9999 -9999 -9999 -9999 -9999 -9999 -9999 -9999 -9999 -9999 -9999 -9999 -9999 -9999 -9999 -9999 -9999 -9999 -9999 -9999 -9999 -9999 -9999 -9999
-9999 -9999 -9999 -9999 -9999 -9999 -9999 -9999 -9999 -9999 -9999 -9999 -9999 -9999 -9999 -9999 -9999 -9999 -9999 -9999 -9999 -9999 -9999 -9999 -9999 -9999 -9999 -9999 -9999 -9999 -9999 -9999 -9999 -9999 -9999 -9999 -9999 -9999 -9999 -9999 -9999 -9999 -9999 -9999 -9999 -9999 -9999 -9999 -9999 -9999 -9999 -9999 -9999 -9999 -9999 -9999 -9999 -9999 -9999 -9999 -9999 -9999 -9999 -9999 -9999 -9999 -9999 -9999 -9999 -9999 -9999 -9999 -9999 -9999 -9999 -9999 -9999 -9999 -9999 -9999 -9999 -9999 -9999 -9999 -9999 -9999 -9999 -9999
-9999 -9999 -9999 -9999 -9999 -9999 -9999 -9999 -9999 -9999 -9999 -9999 -9999 -9999 -9999 -9999 -9999 -9999 -9999 -9999 -9999 -9999 -9999 -9999 -9999 -9999 -9999 -9999 -9999 -9999 -9999 -9999 -9999 -9999 -9999 -9999 -9999 -9999 -9999 -9999 -9999 -9999 -9999 -9999 -9999 -9999 -9999 -9999 -9999 -9999 -9999 -9999 -9999 -9999 -9999 -9999 -9999 -9999 -9999 -9999 -9999 -9999 -9999 -9999 -9999 -9999 -9999 -9999 -9999 -9999 -9999 -9999 -9999 -9999 -9999 -9999 -9999 -9999 -9999 -9999 -9999 -9999 -9999 -9999 -9999 -9999 -9999 -9999
-9999 -9999 -9999 -9999 -9999 -9999 -9999 -9999 -9999 -9999 -9999 -9999 -9999 -9999 -9999 -9999 -9999 -9999 -9999 -9999 -9999 -9999 -9999 -9999 -9999 -9999 -9999 -9999 -9999 -9999 -9999 -9999 -9999 -9999 -9999 -9999 -9999 -9999 -9999 -9999 -9999 -9999 -9999 -9999 -9999 -9999 -9999 -9999 -9999 -9999 -9999 -9999 -9999 -9999 -9999 -9999 -9999 -9999 -9999 -9999 -9999 -9999 -9999 -9999 -9999 -9999 -9999 -9999 -9999 -9999 -9999 -9999 -9999 -9999 -9999 -9999 -9999 -9999 -9999 -9999 -9999 -9999 -9999 -9999 -9999 -9999 -9999 -9999
862 860 856 853 847 843 840 837 836 834 831 827 821 818 815 811 807 801 801 800 -9999 -9999 -9999 -9999 -9999 -9999 -9999 -9999 -9999 -9999 -9999 -9999 -9999 -9999 -9999 -9999 -9999 -9999 -9999 -9999 -9999 -9999 -9999 -9999 -9999 -9999 -9999 -9999 -9999 -9999 -9999 -9999 -9999 -9999 -9999 -9999 -9999 -9999 -9999 -9999 -9999 -9999 -9999 -9999 -9999 -9999 -9999 -9999 -9999 -9999 -9999 -9999 -9999 -9999 -9999 -9999 -9999 -9999 -9999 -9999 -9999 -9999 -9999 -9999 -9999 -9999 -9999 -9999
860 859 858 854 848 846 843 843 841 835 832 828 824 820 816 813 806 802 801 799 795 791 787 783 778 775 771 769 767 768 768 765 761 761 760 758 752 749 747 742 738 732 731 733 732 732 730 728 726 724 720 718 714 710 710 711 706 700 695 694 690 688 687 690 687 684 681 678 675 675 677 679 679 679 671 667 666 664 667 669 669 666 662 664 666 669 669 667
863 862 861 855 851 848 846 843 842 838 835 830 826 824 821 819 811 804 800 796 794 789 785 781 778 775 771 767 763 763 766 766 764 764 763 759 755 752 751 748 742 735 732 732 734 736 730 728 728 724 721 717 712 710 709 707 705 697 694 693 691 688 691 690 686 684 681 679 675 674 676 676 675 675 674 670 665 666 666 670 670 666 667 666 664 666 667 667
871 867 864 861 856 849 845 841 841 836 833 831 827 824 822 821 816 807 801 795 792 788 785 782 779 778 773 768 766 765 764 766 766 765 762 757 753 750 749 747 744 739 736 735 733 733 730 728 726 725 720 718 714 711 708 709 703 694 695 693 691 690 688 685 681 681 681 679 676 674 676 678 677 673 671 669 667 663 664 668 668 664 663 662 663 663 662 662
876 872 867 864 859 853 849 845 840 834 830 829 826 825 823 820 818 814 805 799 795 790 785 783 781 779 775 774 771 768 765 764 766 767 761 756 751 748 746 746 746 744 741 739 734 732 730 728 724 721 717 714 713 714 712 707 702 698 693 691 691 689 686 683 682 682 681 679 675 674 678 678 676 674 671 670 668 665 661 662 662 662 661 661 662 659 656 654
877 875 872 869 862 858 854 847 842 836 831 827 826 824 823 817 814 813 810 805 798 793 786 783 781 779 779 779 777 772 770 765 765 763 761 756 751 747 744 745 744 743 741 739 734 732 730 727 723 718 715 713 712 713 713 708 703 697 692 689 687 684 682 678 677 677 677 675 675 676 677 677 675 672 670 667 665 664 662 661 659 658 657 658 657 655 653 651
882 877 871 867 864 860 855 850 845 837 835 831 827 824 823 818 812 811 812 810 803 798 791 786 783 781 780 779 778 775 770 768 768 763 759 758 754 748 745 745 744 742 741 737 732 730 727 725 720 715 712 710 710 708 710 708 703 695 689 686 684 680 678 676 674 672 670 670 670 670 670 670 670 669 667 666 665 661 659 657 656 655 654 654 654 653 650 651
887 881 871 867 865 862 855 851 847 840 836 833 829 827 826 818 811 810 810 810 808 804 798 791 787 784 782 780 779 774 772 766 765 762 758 757 754 752 750 747 745 740 736 733 730 729 727 722 719 716 713 710 708 707 705 703 699 694 690 688 687 684 681 681 680 677 674 672 671 670 671 670 668 666 664 664 662 661 659 657 656 657 655 653 653 653 651 651
891 886 877 869 866 862 856 851 847 842 836 832 830 830 825 821 813 811 810 808 805 801 797 792 787 783 781 779 775 773 771 765 763 760 757 753 752 751 749 746 742 739 737 734 732 731 726 718 716 717 717 712 706 702 700 698 696 694 692 691 691 688 684 681 680 680 680 675 673 672 672 670 669 666 665 663 662 660 659 660 661 660 658 653 651 653 653 653
891 888 880 869 864 860 856 852 849 845 840 837 835 831 824 820 813 808 807 806 801 796 794 790 786 783 780 777 773 770 767 764 760 759 757 752 749 747 743 741 740 738 736 734 731 728 724 717 714 714 716 714 708 703 700 698 697 696 695 693 691 686 682 680 679 679 681 679 674 672 670 669 670 671 670 666 664 662 661 660 658 658 658 655 651 649 651 652
891 887 882 875 868 862 858 856 854 848 842 838 835 830 825 823 816 812 807 803 798 794 792 791 784 781 779 777 774 772 770 769 766 764 760 753 749 745 744 742 742 739 738 734 731 729 724 718 715 712 714 713 711 705 700 697 695 696 696 695 691 686 684 683 680 679 679 680 677 673 668 665 666 667 665 663 663 662 663 663 661 658 655 653 649 648 650 651
894 889 888 882 872 864 859 858 854 848 843 840 837 831 825 820 814 812 810 804 795 794 794 793 788 787 782 779 776 774 771 767 767 766 762 757 750 747 745 742 740 740 739 737 735 730 725 720 715 713 712 711 708 704 700 697 699 701 700 697 693 687 684 683 681 680 681 680 676 672 668 665 664 663 664 663 659 657 658 661 661 659 654 650 649 650 650 650
899 895 892 887 877 868 861 858 854 847 841 838 835 830 825 819 815 813 811 805 798 796 797 794 790 788 785 781 776 773 769 767 765 765 763 759 755 751 750 748 745 741 737 734 733 732 728 724 718 715 715 711 709 704 700 700 701 702 699 695 691 689 686 682 681 682 680 676 671 669 668 666 665 665 663 662 661 658 656 656 657 657 653 650 654 654 649 647
906 903 896 890 882 876 871 865 859 852 847 843 838 834 830 824 819 819 816 811 803 796 795 792 788 787 784 780 776 771 769 769 767 762 762 759 755 753 751 749 747 741 737 735 729 731 728 725 723 718 719 714 710 705 701 702 699 699 695 691 688 687 685 682 680 679 677 672 670 669 669 666 663 662 660 658 658 658 658 657 658 658 655 655 654 657 649 646
910 906 898 889 882 878 876 873 867 860 854 849 844 840 836 832 825 822 819 814 807 799 798 793 787 786 782 779 774 769 766 765 763 760 757 754 753 750 749 746 745 740 738 734 730 730 727 723 720 718 716 714 711 709 704 701 698 696 692 689 688 686 684 681 679 678 676 672 670 670 669 668 666 665 662 660 661 662 663 663 661 656 654 655 658 652 648 645
908 905 897 885 876 872 871 870 866 861 856 851 847 842 836 831 827 823 817 812 807 801 800 796 788 784 779 775 773 769 764 761 760 756 753 750 749 748 747 745 741 740 736 734 732 729 725 722 720 717 715 714 711 707 704 700 697 695 694 691 689 687 686 683 682 680 678 676 673 671 667 664 665 665 664 661 662 665 668 667 659 657 656 655 655 653 650 652
905 903 898 885 876 873 871 869 865 860 855 850 846 841 836 831 827 823 818 814 807 806 800 792 792 788 780 777 775 772 767 763 760 757 754 749 746 745 743 743 738 734 733 733 732 727 725 722 720 718 717 714 712 706 702 696 695 694 692 692 692 691 689 685 684 682 679 675 671 668 666 666 667 667 665 663 663 664 665 665 660 655 655 658 658 654 651 649
903 901 898 889 883 881 879 875 869 865 860 856 850 846 841 832 828 824 818 813 809 808 802 797 798 793 786 780 777 775 774 768 763 760 759 756 751 749 746 742 739 734 732 733 730 728 726 726 723 720 715 714 713 708 706 701 698 694 691 690 690 689 687 684 682 681 678 675 671 666 665 669 671 667 666 665 665 664 665 664 658 656 655 656 656 653 650 649
904 901 900 892 887 886 883 879 873 868 864 861 857 854 847 839 831 827 820 813 809 806 803 798 796 794 789 783 780 778 775 767 763 761 759 756 753 750 747 744 740 736 734 732 729 727 723 724 723 719 713 712 711 708 704 703 701 697 693 688 687 686 682 680 678 677 675 673 671 669 666 667 668 666 664 662 662 661 660 658 658 658 656 657 657 654 651 649
911 909 910 903 895 891 888 884 877 870 863 858 855 852 846 839 833 826 819 811 808 806 803 798 795 792 789 783 779 777 772 769 765 761 759 757 755 750 747 746 742 738 736 733 729 725 724 722 720 716 712 715 711 707 702 701 699 696 692 688 687 685 683 682 680 679 678 675 671 670 668 667 665 663 662 662 660 658 656 656 656 656 656 656 656 656 654 652
916 918 920 916 910 904 899 892 884 874 863 855 848 844 840 836 832 827 821 814 808 804 799 796 792 790 786 783 780 778 778 774 767 762 759 755 754 752 747 744 741 739 737 734 728 725 723 723 721 718 712 711 711 708 704 701 698 695 693 689 687 687 685 683 679 678 677 672 669 668 667 666 665 664 663 662 660 660 658 654 650 649 649 651 655 656 656 656
915 917 919 918 914 909 903 894 885 878 868 861 851 842 837 834 831 826 822 818 814 808 802 797 795 792 787 784 780 776 780 777 770 762 759 756 754 753 747 743 739 736 735 733 730 728 727 727 723 719 717 713 714 710 705 702 699 697 695 691 687 686 684 682 680 674 678 676 670 667 666 665 663 663 661 661 660 659 657 652 647 645 645 647 652 655 657 658
914 910 909 909 908 906 902 894 887 880 872 865 857 849 842 839 836 831 826 822 818 815 809 802 799 797 792 787 781 779 778 775 769 763 757 757 756 752 746 742 739 737 735 735 733 729 729 724 720 719 719 717 712 709 704 701 698 696 694 690 686 684 682 678 678 678 679 680 676 670 668 667 666 663 662 661 661 659 656 652 647 645 646 646 652 657 659 660
914 908 904 899 896 896 895 890 884 879 873 865 859 851 846 844 839 834 831 827 822 818 812 806 802 800 796 790 783 781 778 775 769 765 761 759 755 753 747 745 743 742 739 738 733 729 729 724 719 719 718 715 710 706 704 703 700 696 694 690 686 682 680 678 679 677 677 677 674 669 667 667 665 664 663 663 663 660 657 654 650 646 647 649 654 656 657 657
916 909 904 899 894 890 885 880 877 875 871 862 854 846 843 842 840 836 831 826 822 817 811 806 804 800 795 789 783 780 775 774 771 766 763 761 755 751 748 746 745 742 740 741 736 733 732 726 724 722 717 713 708 705 706 704 700 695 692 687 683 680 681 678 677 676 674 671 669 666 666 665 665 664 663 663 663 661 657 656 656 656 654 654 655 654 655 656
920 911 904 898 894 891 886 878 873 873 869 864 856 848 842 839 837 834 831 825 821 816 810 806 804 800 795 790 785 779 775 772 770 768 764 759 753 749 748 745 744 740 738 738 736 733 732 728 726 723 721 718 715 711 707 705 701 696 691 685 684 684 682 677 675 674 672 669 666 666 665 665 663 662 661 660 661 660 658 656 657 658 659 657 655 654 654 656
922 914 908 903 900 896 890 881 875 873 873 868 862 853 846 840 836 833 832 827 824 822 816 808 805 802 795 790 785 781 774 773 768 765 762 759 757 753 748 745 742 740 739 735 734 731 728 726 725 722 719 719 716 711 707 705 701 698 696 692 690 685 681 677 674 673 673 672 670 667 667 666 664 662 660 659 660 661 660 657 656 655 657 657 657 657 655 657
924 918 911 905 902 899 895 891 886 883 883 883 875 866 856 848 843 841 836 832 826 822 818 813 808 806 798 790 782 781 775 773 768 765 763 761 760 757 751 746 741 739 738 734 730 729 729 724 723 722 719 719 716 711 705 701 699 697 695 694 690 684 680 677 675 675 674 674 672 669 667 667 666 665 662 660 662 662 659 655 657 657 656 654 654 655 656 656
926 922 915 910 905 899 895 895 896 898 899 895 886 877 867 860 854 848 842 836 831 823 822 815 809 807 801 790 785 782 777 771 769 766 765 764 763 760 754 748 744 743 738 737 732 729 727 723 724 723 719 718 715 710 704 700 697 697 695 691 689 685 683 682 680 679 678 677 673 669 668 668 668 667 665 663 660 659 656 655 655 655 654 654 656 656 655 657
934 929 922 918 913 904 897 899 902 905 904 900 894 883 873 867 861 854 846 840 833 827 824 818 811 807 802 795 788 785 778 774 773 774 769 764 762 758 756 750 748 744 742 738 736 733 728 725 723 722 719 717 713 708 703 702 701 698 694 691 687 683 683 684 681 681 680 678 673 671 670 668 667 667 665 664 661 657 653 652 655 656 656 658 656 655 654 655
941 936 931 926 920 909 901 901 901 898 897 896 891 882 871 865 861 856 849 842 835 831 827 820 812 806 803 796 790 785 778 778 779 774 767 762 760 758 755 749 748 745 744 739 737 735 731 727 721 719 715 713 708 704 702 702 699 695 691 689 685 685 685 683 681 681 680 676 675 674 672 669 668 666 664 661 660 658 652 653 658 659 660 658 656 655 652 651
946 939 934 928 922 912 903 897 895 891 889 886 883 876 867 860 857 853 848 841 837 834 829 823 815 808 802 794 788 781 779 778 775 772 768 764 760 756 752 750 751 748 744 741 741 739 733 728 722 718 715 713 708 705 703 701 698 694 692 690 688 686 685 683 682 680 677 676 675 674 672 670 667 665 663 660 659 656 657 659 661 660 657 656 656 654 649 644
